-7.888460755348205566e-01
-2.828841805458068848e-01
-1.568923711776733398e+00
-5.008766055107116699e-01
-1.363522887229919434e+00
-1.540134429931640625e+00
2.259997427463531494e-01
-1.661242842674255371e+00
-1.482471823692321777e+00
-2.139074563980102539e+00
-1.938724517822265625e+00
1.186144351959228516e-01
-1.761279940605163574e+00
-1.348569273948669434e+00
-1.355053424835205078e+00
9.139298796653747559e-01
-3.152676582336425781e+00
4.368434548377990723e-01
-2.312121629714965820e+00
-1.821996718645095825e-01
-1.373202085494995117e+00
6.857472658157348633e-01
-1.518143415451049805e+00
-8.443896174430847168e-01
1.168409466743469238e+00
-8.232475519180297852e-01
-5.880067944526672363e-01
-1.127793669700622559e+00
-1.195401787757873535e+00
-8.076946251094341278e-03
3.265236616134643555e-01
-4.453899562358856201e-01
8.063154816627502441e-01
-2.663758099079132080e-01
-1.450085759162902832e+00
-7.867720127105712891e-01
-2.277628660202026367e+00
-1.626939535140991211e+00
-1.467682361602783203e+00
-2.208722114562988281e+00
-7.966639399528503418e-01
-1.967159062623977661e-01
-1.579185009002685547e+00
-9.145624041557312012e-01
-1.648551344871520996e+00
-4.961665868759155273e-01
-6.937097907066345215e-01
-4.355902671813964844e-01
1.353392958641052246e+00
-4.539567232131958008e-02
6.194965168833732605e-02
-5.527961254119873047e-01
-6.997807025909423828e-01
-5.868618488311767578e-01
-1.578887462615966797e+00
3.108444064855575562e-02
-2.064020633697509766e+00
-8.827604055404663086e-01
-2.561898827552795410e-01
-2.017331838607788086e+00
1.373781204223632812e+00
-8.253403306007385254e-01
-1.351991653442382812e+00
-6.188862919807434082e-01
-4.535042867064476013e-02
-1.100109457969665527e+00
5.535215735435485840e-01
-1.176543116569519043e+00
-1.534312963485717773e+00
-4.748489260673522949e-01
-6.679427623748779297e-01
-6.930237412452697754e-01
1.142010688781738281e+00
-1.464461684226989746e+00
-1.102369546890258789e+00
-2.183335870504379272e-01
-1.726396083831787109e-01
-5.340899229049682617e-01
3.311470746994018555e-01
-8.437786698341369629e-01
-1.461770892143249512e+00
-1.522712230682373047e+00
-9.873144626617431641e-01
-5.278663635253906250e-01
-1.212351202964782715e+00
-3.356515169143676758e+00
-1.980710029602050781e+00
-4.521642997860908508e-02
-1.489210844039916992e+00
-8.685325980186462402e-01
-2.759814023971557617e+00
-1.620546936988830566e+00
-1.396538138389587402e+00
4.552363231778144836e-02
3.669946193695068359e-01
3.798711001873016357e-01
3.805483341217041016e+00
-1.888640761375427246e+00
-9.165529906749725342e-02
-3.341711759567260742e-01
-7.489505410194396973e-01
-6.699913740158081055e-01
-1.530601739883422852e+00
1.566082090139389038e-01
-3.444450139999389648e+00
2.964691221714019775e-01
-2.111640214920043945e+00
-5.531936883926391602e-01
9.471595287322998047e-01
-2.388224601745605469e+00
-1.646336793899536133e+00
-1.189319849014282227e+00
-2.015403032302856445e+00
-2.862689495086669922e+00
2.179587930440902710e-01
-4.873392879962921143e-01
-3.378849923610687256e-01
-7.253003716468811035e-01
-1.324499130249023438e+00
-1.369171857833862305e+00
1.812222301959991455e-01
-1.672475695610046387e+00
-1.113761782646179199e+00
-4.635623395442962646e-01
-2.009778976440429688e+00
-1.656002402305603027e+00
-2.048850536346435547e+00
-1.504469156265258789e+00
-4.309825897216796875e-01
-6.072237491607666016e-01
-1.196436643600463867e+00
-1.302385628223419189e-01
7.164347171783447266e-01
-5.151065587997436523e-01
-2.863330543041229248e-01
-1.011001467704772949e+00
-3.933846950531005859e-01
2.113689482212066650e-01
-5.490348935127258301e-01
-1.632331967353820801e+00
-6.459290385246276855e-01
-2.979460954666137695e-01
-1.266702532768249512e+00
1.722849160432815552e-01
9.815302491188049316e-02
-7.883030176162719727e-01
1.463747024536132812e+00
-1.755602717399597168e+00
8.195278793573379517e-02
1.049319356679916382e-01
-1.739573359489440918e+00
4.686898589134216309e-01
-2.324108362197875977e+00
1.183804497122764587e-01
-2.301117420196533203e+00
-6.501344442367553711e-01
-1.614547252655029297e+00
-6.253939270973205566e-01
-1.369848728179931641e+00
-3.550829172134399414e+00
-1.552267432212829590e+00
-7.698966860771179199e-01
-8.402568101882934570e-01
-7.629510760307312012e-01
-1.482665181159973145e+00
-1.783962011337280273e+00
-1.021799802780151367e+00
-1.783607244491577148e+00
-1.700811743736267090e+00
-1.057052254676818848e+00
-2.199785232543945312e+00
4.638965129852294922e-01
-2.057360410690307617e+00
-8.342431187629699707e-01
-4.162371158599853516e-02
-9.565890431404113770e-01
-1.870008230209350586e+00
-1.878223299980163574e+00
-2.015262365341186523e+00
-1.220753431320190430e+00
-2.773607671260833740e-01
7.448009252548217773e-01
-1.561108231544494629e+00
-1.837148547172546387e+00
1.805064797401428223e+00
-2.076945066452026367e+00
-1.188971877098083496e+00
9.145948290824890137e-01
-1.473250031471252441e+00
-2.811804056167602539e+00
2.412899732589721680e-01
3.827633261680603027e-01
-2.204880565404891968e-01
-3.906627178192138672e+00
-2.006882429122924805e+00
-9.075586199760437012e-01
-2.586188614368438721e-01
-6.016905903816223145e-01
1.710453391075134277e+00
-1.343573808670043945e+00
-5.024630427360534668e-01
-1.272313594818115234e+00
-2.278421401977539062e+00
8.181836605072021484e-01
-1.833241820335388184e+00
-3.580488860607147217e-01
-1.734947919845581055e+00
-6.274731159210205078e-01
-2.920240640640258789e+00
-1.654220938682556152e+00
-1.356021046638488770e+00
-1.214522719383239746e+00
-3.838938474655151367e-01
-1.905285358428955078e+00
6.714267730712890625e-01
-5.800622105598449707e-01
-1.203567028045654297e+00
-1.396101236343383789e+00
-1.497047662734985352e+00
-3.514443710446357727e-02
-1.220751047134399414e+00
6.332626342773437500e-01
-7.751384973526000977e-01
-2.115093469619750977e+00
-1.486753463745117188e+00
-1.025840520858764648e+00
-1.065982580184936523e+00
-1.306501626968383789e+00
5.587558746337890625e-01
7.250754237174987793e-01
-1.263251807540655136e-02
-1.552124738693237305e+00
-1.319114804267883301e+00
4.341873824596405029e-01
-1.570069789886474609e+00
-9.642873406410217285e-01
9.490879774093627930e-01
-3.049191236495971680e+00
5.344521403312683105e-01
-5.354908704757690430e-01
1.246319413185119629e-01
-1.753277540206909180e+00
4.264019131660461426e-01
2.378895878791809082e-01
-7.224357128143310547e-01
-2.647461891174316406e-01
8.781403303146362305e-01
3.409873545169830322e-01
-1.394950628280639648e+00
-1.258450508117675781e+00
-2.194890975952148438e+00
-7.741916179656982422e-01
6.748043745756149292e-02
-2.529315471649169922e+00
-2.233375072479248047e+00
-1.242733478546142578e+00
4.327138066291809082e-01
-1.530906438827514648e+00
-1.904348134994506836e+00
-9.208950996398925781e-01
-3.119183063507080078e+00
-3.321931660175323486e-01
-1.144806861877441406e+00
-1.297524213790893555e+00
-4.164377748966217041e-01
-1.279247403144836426e+00
8.417622447013854980e-01
-1.323582172393798828e+00
-3.383843421936035156e+00
5.334193110466003418e-01
2.794835530221462250e-02
8.709306716918945312e-01
-1.798056125640869141e+00
-3.111593484878540039e+00
-6.504144668579101562e-01
-2.151115655899047852e+00
-2.571065187454223633e+00
-1.238544225692749023e+00
-1.393535733222961426e+00
-8.247325420379638672e-01
-1.321150779724121094e+00
-1.396679162979125977e+00
-2.330247759819030762e-01
-9.981457591056823730e-01
-1.623470544815063477e+00
6.361840963363647461e-01
-1.535066604614257812e+00
-1.197900652885437012e+00
-3.260833919048309326e-01
-1.047663837671279907e-01
-9.847185015678405762e-01
-1.546182990074157715e+00
3.546296358108520508e-01
-1.458357572555541992e+00
-4.656204283237457275e-01
2.246298551559448242e+00
-4.415637254714965820e-01
-9.024921655654907227e-01
5.481310188770294189e-03
-4.158136546611785889e-01
-2.241859436035156250e+00
7.889941334724426270e-01
1.219339847564697266e+00
7.174124717712402344e-01
6.575331687927246094e-01
-1.809564232826232910e+00
-1.308673024177551270e+00
-5.171084403991699219e-02
-1.413485884666442871e+00
-1.848700165748596191e+00
-1.806578278541564941e+00
-4.988739013671875000e+00
-5.610601902008056641e-01
-6.766774058341979980e-01
-3.847185969352722168e-01
-9.237564355134963989e-02
9.861665368080139160e-01
4.843474030494689941e-01
-6.545435786247253418e-01
-6.597445607185363770e-01
-3.160373866558074951e-01
-1.077612996101379395e+00
-5.935574769973754883e-01
-1.707611441612243652e+00
1.056069582700729370e-01
-2.526383161544799805e+00
-2.006365805864334106e-01
7.958919405937194824e-01
-3.230263710021972656e+00
-8.092624545097351074e-01
1.578198373317718506e-01
8.093882799148559570e-01
-2.048851251602172852e+00
-4.318986833095550537e-02
-6.340705752372741699e-01
-1.760232448577880859e+00
-1.114753127098083496e+00
-8.787217140197753906e-01
7.336426377296447754e-01
-1.593564271926879883e+00
-3.780809342861175537e-01
-1.322751194238662720e-01
-2.554128468036651611e-01
-6.410914659500122070e-01
-2.102254629135131836e-01
-2.182010889053344727e+00
-9.602319002151489258e-01
-2.877140641212463379e-01
1.864037513732910156e-01
-1.203746318817138672e+00
-5.294267535209655762e-01
-6.420623511075973511e-02
-2.760839223861694336e+00
1.096187010407447815e-01
8.462386131286621094e-01
-2.334957122802734375e+00
-2.671779155731201172e+00
-2.799659729003906250e+00
-1.211381793022155762e+00
-7.207730412483215332e-01
-1.652486920356750488e+00
8.291445672512054443e-03
-2.290118932723999023e+00
-5.577850341796875000e-01
-1.251899451017379761e-01
-4.326734542846679688e-01
-8.896647691726684570e-01
-1.699394285678863525e-01
-2.391751855611801147e-01
-1.939650535583496094e+00
-3.224046230316162109e-01
-7.208603024482727051e-01
1.171294808387756348e+00
-9.733142852783203125e-01
-1.167324066162109375e+00
-2.155146121978759766e+00
-6.492578983306884766e-01
7.989549040794372559e-01
-7.911035418510437012e-02
-2.942235767841339111e-01
-6.864667534828186035e-01
6.705139875411987305e-01
-1.948353886604309082e+00
1.057424396276473999e-01
-1.014806389808654785e+00
-3.638189136981964111e-01
1.579887419939041138e-02
-4.881439507007598877e-01
-2.381790876388549805e+00
5.707728266716003418e-01
-8.894528746604919434e-01
-1.063322305679321289e+00
-1.452266931533813477e+00
-8.102638125419616699e-01
-5.675742626190185547e-01
-1.600131154060363770e+00
-1.601511359214782715e+00
-2.364473581314086914e+00
-1.008164644241333008e+00
-3.407825946807861328e+00
-1.904780268669128418e-01
-1.850526332855224609e+00
4.876216873526573181e-02
-1.545833587646484375e+00
-1.029562950134277344e+00
-2.687655687332153320e+00
-1.149467468261718750e+00
1.584538966417312622e-01
-1.991297245025634766e+00
-1.061231613159179688e+00
-1.674584031105041504e+00
-2.368049383163452148e+00
-1.456512451171875000e+00
3.995841145515441895e-01
3.455657064914703369e-01
-1.550061553716659546e-01
-1.045000791549682617e+00
-1.435070753097534180e+00
-2.603164434432983398e+00
9.893666207790374756e-02
-2.833538949489593506e-01
-1.058841943740844727e+00
-1.574718713760375977e+00
-2.169270992279052734e+00
-1.920435577630996704e-01
-9.814323484897613525e-02
-2.426526308059692383e+00
-1.813336133956909180e+00
-2.491182327270507812e+00
-7.841244339942932129e-01
-1.260142683982849121e+00
6.147403120994567871e-01
-1.404107093811035156e+00
-1.996823191642761230e+00
-2.731258869171142578e+00
-1.409082531929016113e+00
-2.483155250549316406e+00
7.375254034996032715e-01
-2.217347621917724609e+00
-5.906944279558956623e-04
-3.295621573925018311e-01
-3.243088722229003906e-01
-2.036406517028808594e+00
-3.988403558731079102e+00
-6.550482511520385742e-01
-2.369424819946289062e+00
-1.770547628402709961e+00
-2.298965930938720703e+00
-8.772863745689392090e-01
-2.840354919433593750e+00
-1.916034698486328125e+00
-3.272595405578613281e-01
-1.899892210960388184e+00
6.446683406829833984e-01
6.432473063468933105e-01
5.123376250267028809e-01
-2.345673561096191406e+00
9.142569452524185181e-02
-2.386808022856712341e-02
-6.564092040061950684e-01
-1.572117060422897339e-01
1.601589769124984741e-01
-2.241529703140258789e+00
-1.035342931747436523e+00
-1.340577363967895508e+00
-4.953738451004028320e-01
1.963148452341556549e-02
-2.671947002410888672e+00
-1.458939790725708008e+00
-1.061520814895629883e+00
-9.308061003684997559e-01
-2.696024477481842041e-01
-4.187491908669471741e-02
-1.267513275146484375e+00
-4.812423288822174072e-01
-8.926852345466613770e-01
3.767250478267669678e-02
-4.673734605312347412e-01
-1.360866069793701172e+00
6.107472777366638184e-01
-1.679481148719787598e+00
-9.088602066040039062e-01
-1.160984113812446594e-01
-5.098492503166198730e-01
6.445233225822448730e-01
-1.266091912984848022e-01
-1.622331500053405762e+00
-1.963581919670104980e+00
-2.976711988449096680e+00
-1.576757431030273438e-01
1.100428938865661621e+00
-1.689244985580444336e+00
-1.820991277694702148e+00
1.470968127250671387e+00
-2.749407589435577393e-01
-6.184463575482368469e-02
4.977220296859741211e-01
-1.549384236335754395e+00
-3.742913007736206055e-01
-2.010231494903564453e+00
1.441175580024719238e+00
-1.819938063621520996e+00
-2.284372329711914062e+00
-3.567129075527191162e-01
2.800839245319366455e-01
-2.328748255968093872e-01
-3.890693187713623047e-01
-1.689883232116699219e+00
-1.534699678421020508e+00
-1.072448492050170898e+00
-1.442219495773315430e+00
-1.037259817123413086e+00
-6.056440472602844238e-01
-3.126356303691864014e-01
-2.613667249679565430e+00
-1.621638298034667969e+00
3.298516273498535156e-01
-1.117097616195678711e+00
-1.898439884185791016e+00
-2.099049806594848633e+00
-8.515108227729797363e-01
-7.868282794952392578e-01
9.037151336669921875e-01
4.571432471275329590e-01
-5.930818617343902588e-02
3.750268518924713135e-01
-1.939917325973510742e+00
-1.321416854858398438e+00
7.431571483612060547e-01
-1.391861319541931152e+00
-3.001882314682006836e+00
-1.096971929073333740e-01
-3.051306724548339844e+00
-2.115637063980102539e+00
-8.014283776283264160e-01
-2.207175828516483307e-02
6.478278040885925293e-01
9.550189375877380371e-01
-1.031244635581970215e+00
-1.649294376373291016e+00
5.916344374418258667e-02
3.683233857154846191e-01
1.234033942222595215e+00
-2.435437679290771484e+00
-1.173742890357971191e+00
-1.304928213357925415e-02
4.660538733005523682e-01
2.078228145837783813e-01
-3.855300843715667725e-01
-7.300315052270889282e-02
-1.852586984634399414e+00
-4.696021378040313721e-01
-2.964352369308471680e-01
-1.579014062881469727e+00
-2.020457267761230469e+00
9.165069460868835449e-01
-1.702393651008605957e+00
-1.028937935829162598e+00
3.845500349998474121e-01
-1.022489190101623535e+00
-1.196020007133483887e+00
3.510962426662445068e-01
-2.622885465621948242e+00
3.973024189472198486e-01
-5.372380092740058899e-02
-7.339620590209960938e-01
-7.333812117576599121e-01
-3.282371461391448975e-01
-8.903595060110092163e-02
-1.469744555652141571e-02
3.839178085327148438e-01
-5.955625772476196289e-01
-2.254662036895751953e+00
-9.350864291191101074e-01
-2.899870574474334717e-01
-6.624280810356140137e-01
2.241146713495254517e-01
-2.902762651443481445e+00
-2.570292651653289795e-01
-1.872165799140930176e+00
3.020036220550537109e-01
-2.814407825469970703e+00
3.327108547091484070e-02
-8.458684682846069336e-01
-1.015032529830932617e+00
7.707041501998901367e-01
-9.217734932899475098e-01
-2.256717205047607422e+00
-3.126378953456878662e-01
-2.142635345458984375e+00
1.950304210186004639e-01
-4.056422710418701172e-01
-2.349656373262405396e-01
-4.070502519607543945e-01
-2.013022422790527344e+00
2.439204007387161255e-01
-1.520059943199157715e+00
1.167569518089294434e+00
1.266699433326721191e-01
-1.220354557037353516e+00
2.011853456497192383e-01
-2.472524642944335938e+00
-2.320935964584350586e+00
-2.099799633026123047e+00
-1.854070782661437988e+00
-2.695057630538940430e+00
1.971446722745895386e-01
-1.539199590682983398e+00
-9.302692413330078125e-01
3.328669071197509766e-01
-1.507638216018676758e+00
-2.848355054855346680e+00
-3.940434753894805908e-01
1.042807936668395996e+00
-6.225103139877319336e-01
-8.051711320877075195e-01
-2.010098457336425781e+00
-7.189213633537292480e-01
6.184876561164855957e-01
-4.633433341979980469e+00
-1.702666759490966797e+00
-2.603825569152832031e+00
-2.336295604705810547e+00
-1.262055635452270508e+00
-2.171274423599243164e+00
3.549944236874580383e-02
-4.979871213436126709e-01
-1.216065049171447754e+00
-2.077962636947631836e+00
-1.273788094520568848e+00
-2.204638957977294922e+00
-6.807262301445007324e-01
-1.377220004796981812e-01
3.094151914119720459e-01
-2.000114172697067261e-01
7.568009495735168457e-01
-3.315068721771240234e+00
-2.883283376693725586e+00
3.280096054077148438e-01
-6.758058816194534302e-02
-1.917597092688083649e-02
-1.697528004646301270e+00
2.125479429960250854e-01
-4.812986552715301514e-01
-1.352872967720031738e+00
-1.126296758651733398e+00
-2.712910771369934082e-01
-9.528782963752746582e-01
-4.697728529572486877e-02
4.317607879638671875e-01
5.254077911376953125e-02
-2.565054416656494141e+00
-8.675742745399475098e-01
-3.117005825042724609e-01
-8.389573097229003906e-01
-3.835165500640869141e-01
-2.960210323333740234e+00
8.175820708274841309e-01
5.358794331550598145e-01
-4.035804569721221924e-01
7.567029446363449097e-02
-1.957662224769592285e+00
-6.257594227790832520e-01
-2.573084592819213867e+00
-1.831122994422912598e+00
-4.574893508106470108e-03
-2.242573261260986328e+00
5.105547904968261719e-01
-1.350490093231201172e+00
-7.819940447807312012e-01
-9.301902055740356445e-01
-1.396178960800170898e+00
1.958344429731369019e-01
-9.271783828735351562e-01
-1.705291986465454102e+00
3.268852531909942627e-01
-1.912854790687561035e+00
-1.365056872367858887e+00
-7.350875139236450195e-01
6.031860113143920898e-01
-9.221618771553039551e-01
-2.040493249893188477e+00
-8.116888999938964844e-01
-2.017833471298217773e+00
-2.493744134902954102e+00
-2.270544618368148804e-01
-2.147829771041870117e+00
-2.109507560729980469e+00
-3.396780729293823242e+00
-2.622475028038024902e-01
-2.205550432205200195e+00
-1.379947662353515625e-01
1.099794507026672363e+00
8.521156311035156250e-01
-6.964137554168701172e-01
1.303144544363021851e-01
9.194987416267395020e-01
-2.500994801521301270e-01
7.717229723930358887e-01
4.323087036609649658e-01
-7.355252504348754883e-01
-7.169039249420166016e-01
-1.823687314987182617e+00
2.679614126682281494e-01
-2.138155251741409302e-01
-7.353568077087402344e-01
-7.348191738128662109e-02
8.879833221435546875e-01
-7.526890635490417480e-01
-1.321059823036193848e+00
-6.874426007270812988e-01
-2.751317977905273438e+00
4.698680341243743896e-01
3.816539347171783447e-01
-2.697342932224273682e-01
-1.120517104864120483e-01
-1.091316103935241699e+00
1.141455888748168945e+00
-6.774064898490905762e-01
-5.501622557640075684e-01
-1.254970312118530273e+00
1.371183395385742188e-01
-7.419357299804687500e-01
-1.835765004158020020e+00
-1.225101470947265625e+00
-8.983912467956542969e-01
2.404357939958572388e-01
-2.205353260040283203e+00
3.866583704948425293e-01
-1.118151068687438965e+00
-2.363364934921264648e+00
-2.398265600204467773e+00
-1.754873394966125488e+00
-3.684736490249633789e-01
-1.746228218078613281e+00
-1.047545194625854492e+00
-1.970061898231506348e+00
-9.975275993347167969e-01
-3.877684116363525391e+00
9.204369187355041504e-01
-2.774071097373962402e-01
-1.472675085067749023e+00
-1.901947379112243652e+00
-1.389161109924316406e+00
-1.019789218902587891e+00
-1.917171716690063477e+00
-1.523486256599426270e+00
5.265750885009765625e-01
4.023993909358978271e-01
-4.906109869480133057e-01
-9.228955954313278198e-02
-3.006479024887084961e+00
4.277188330888748169e-02
-1.436107397079467773e+00
-2.152217149734497070e+00
1.091453313827514648e+00
3.923099040985107422e-01
-8.697144389152526855e-01
-7.809510231018066406e-01
-3.839234828948974609e+00
5.591352283954620361e-02
-4.252549409866333008e-01
5.354088917374610901e-02
-1.005946874618530273e+00
3.986307084560394287e-01
-2.247034311294555664e+00
-1.904678225517272949e+00
-3.401487827301025391e+00
-1.057727932929992676e+00
-2.318159580230712891e+00
-1.616924524307250977e+00
1.211604475975036621e+00
-1.340082406997680664e+00
2.228439450263977051e-01
-3.676557302474975586e+00
5.684818029403686523e-01
1.929036676883697510e-01
-8.302071690559387207e-01
-2.800363779067993164e+00
8.682140707969665527e-02
-1.301368713378906250e+00
1.049159049987792969e+00
5.102421045303344727e-01
-1.235041096806526184e-01
-2.843557298183441162e-01
-2.488461732864379883e+00
-5.136768221855163574e-01
-1.447230815887451172e+00
-1.514209389686584473e+00
-1.185501739382743835e-01
-1.589835882186889648e+00
-1.605913758277893066e+00
-1.045596599578857422e+00
6.764618158340454102e-01
-1.300853490829467773e+00
-8.991284966468811035e-01
-1.675744652748107910e+00
-9.840679764747619629e-01
-2.295450687408447266e+00
3.312301635742187500e-01
-6.754366159439086914e-01
5.813617706298828125e-01
-9.721912145614624023e-01
-1.902746319770812988e+00
-7.740892171859741211e-01
1.670882105827331543e-01
-1.314561843872070312e+00
-1.152383565902709961e+00
-6.134226322174072266e-01
6.569826602935791016e-01
-6.349523067474365234e-01
-5.050532817840576172e-01
-2.432974100112915039e+00
-2.845533192157745361e-01
-1.780438780784606934e+00
-2.123468875885009766e+00
-6.908059716224670410e-01
-6.250230073928833008e-01
-1.917329549789428711e+00
-1.757129907608032227e+00
-6.726163625717163086e-01
-9.567125886678695679e-02
-5.115194320678710938e-01
-7.634567618370056152e-01
-1.376695275306701660e+00
1.483081698417663574e+00
3.217647969722747803e-01
-1.420369029045104980e+00
-6.830693483352661133e-01
-1.305471181869506836e+00
-4.045168757438659668e-01
-2.980815172195434570e+00
2.836342751979827881e-01
6.571429371833801270e-01
-7.715456187725067139e-02
-1.628241896629333496e+00
-1.816592097282409668e+00
-4.982730448246002197e-01
-4.360265135765075684e-01
-8.142833709716796875e-01
-1.160934090614318848e+00
-1.276246666908264160e+00
9.028165936470031738e-01
-9.160558581352233887e-01
-1.053677201271057129e+00
5.322026610374450684e-01
-2.916354894638061523e+00
-2.339192390441894531e+00
1.425468623638153076e-01
3.334665596485137939e-01
-3.008314132690429688e+00
-2.279026508331298828e+00
-1.542303442955017090e+00
3.399072289466857910e-01
2.508593797683715820e-01
-2.102308273315429688e+00
3.746509253978729248e-01
-1.062737107276916504e+00
-1.585601121187210083e-01
-2.178518056869506836e+00
-2.034467697143554688e+00
-4.946341812610626221e-01
-4.270228147506713867e-01
-1.438492178916931152e+00
-1.462126135826110840e+00
-1.589478492736816406e+00
5.507594943046569824e-01
-9.123209714889526367e-01
-2.629832178354263306e-02
-2.193218916654586792e-01
1.028063535690307617e+00
-1.935599565505981445e+00
-2.910565137863159180e+00
1.741506606340408325e-01
-8.979415297508239746e-01
1.128754377365112305e+00
-6.016749739646911621e-01
-2.293964624404907227e-01
-7.287819385528564453e-01
1.397126466035842896e-01
-1.472980380058288574e+00
-1.123924016952514648e+00
-2.160238504409790039e+00
-1.491632342338562012e+00
-1.184998631477355957e+00
2.068084716796875000e+00
6.477212309837341309e-01
6.953404098749160767e-02
1.117350608110427856e-01
-1.145184636116027832e+00
-3.082976102828979492e+00
-9.990015029907226562e-01
-8.393328785896301270e-01
-2.226909846067428589e-01
2.021819800138473511e-01
-1.676827311515808105e+00
-9.794639348983764648e-01
-2.539211273193359375e+00
7.571085095405578613e-01
-7.273550629615783691e-01
2.246066331863403320e-01
-2.149466753005981445e+00
-5.492640733718872070e-01
-7.455586791038513184e-01
-1.536254525184631348e+00
-2.984532713890075684e-01
-8.014430403709411621e-01
-1.223044753074645996e+00
-6.217429786920547485e-02
-9.945670366287231445e-01
-8.132436871528625488e-01
-2.294764757156372070e+00
-1.896236419677734375e+00
-7.723385095596313477e-01
-2.567257404327392578e+00
-1.802921146154403687e-01
-5.585654973983764648e-01
-1.461027622222900391e+00
-1.808525681495666504e+00
-6.557781100273132324e-01
6.045527458190917969e-01
9.963987395167350769e-03
-1.399213910102844238e+00
-2.202718496322631836e+00
-1.583687663078308105e+00
-1.881325989961624146e-02
-1.465716123580932617e+00
-4.227246344089508057e-01
-5.682334899902343750e-01
1.970831632614135742e+00
-1.395823121070861816e+00
-8.006066083908081055e-01
1.609882339835166931e-02
-2.598787069320678711e+00
2.091870456933975220e-02
-1.519179582595825195e+00
5.707380175590515137e-01
-2.320161819458007812e+00
-1.968621015548706055e+00
4.497661888599395752e-01
-2.555812120437622070e+00
-2.648533821105957031e+00
-7.246066331863403320e-01
-7.367963194847106934e-01
-3.118487596511840820e-01
4.961412250995635986e-01
-1.349365234375000000e+00
8.766977190971374512e-01
-1.412414789199829102e+00
7.510803341865539551e-01
-8.413513898849487305e-01
1.307312130928039551e+00
-2.024030923843383789e+00
-8.128675222396850586e-01
-1.347537159919738770e+00
-1.169761180877685547e+00
3.572288453578948975e-01
8.286021351814270020e-01
-1.390696763992309570e+00
-4.058776795864105225e-01
-2.374202013015747070e+00
-3.210272490978240967e-01
-3.290072381496429443e-01
-1.188488483428955078e+00
3.779420256614685059e-01
-2.954125404357910156e+00
1.164966344833374023e+00
9.093948006629943848e-01
-2.176439762115478516e-01
8.940278738737106323e-02
-1.000149130821228027e+00
-2.561877667903900146e-01
-2.019520998001098633e+00
1.022887229919433594e+00
5.503916740417480469e-01
-1.180796861648559570e+00
-4.949164092540740967e-01
-1.289250135421752930e+00
-5.844640731811523438e-01
-2.242295742034912109e+00
-1.858792424201965332e+00
3.996368348598480225e-01
5.003049969673156738e-01
5.048822760581970215e-01
-2.124027729034423828e+00
4.175785481929779053e-01
-9.086982607841491699e-01
-1.136452913284301758e+00
1.510907858610153198e-01
-9.042515754699707031e-01
-1.539975523948669434e+00
-6.636474728584289551e-01
-1.022545814514160156e+00
-1.497552275657653809e+00
-1.818799257278442383e+00
-9.672826528549194336e-02
1.812698990106582642e-01
-4.808168411254882812e-01
-5.555408596992492676e-01
-5.063221454620361328e-01
6.069160103797912598e-01
-1.301348567008972168e+00
-1.687065809965133667e-01
1.667434573173522949e-01
4.352884292602539062e-01
-7.251493334770202637e-01
-4.670121669769287109e-01
1.449752151966094971e-01
-1.797879219055175781e+00
-7.277312278747558594e-01
-8.313303589820861816e-01
-3.150377035140991211e+00
-1.619063258171081543e+00
-1.992786526679992676e-01
-2.390626192092895508e+00
-5.990216732025146484e-01
-1.157564163208007812e+00
6.480985283851623535e-01
-3.486836850643157959e-01
-1.280056715011596680e+00
6.796284317970275879e-01
-2.407958030700683594e+00
-1.361565947532653809e+00
8.458756804466247559e-01
