-1.109701697714626789e-03
-2.412792295217514038e-02
-7.055571768432855606e-03
1.477449178695678711e+00
3.563676476478576660e-01
-1.063386444002389908e-02
-9.083195328712463379e-01
-9.905638098716735840e-01
1.033766627311706543e+00
-1.034728437662124634e-02
-6.519313436001539230e-03
1.352248191833496094e+00
-2.383643947541713715e-02
-2.228521257638931274e-01
-3.102557919919490814e-02
-2.051114849746227264e-02
2.094590961933135986e-01
-7.328884676098823547e-03
-3.030847571790218353e-02
-3.691001608967781067e-02
-2.171072550117969513e-02
-1.507481187582015991e-02
-4.238718375563621521e-02
8.919081091880798340e-01
-2.538259327411651611e-02
-1.737671531736850739e-02
-1.036956254392862320e-02
-6.789791397750377655e-03
5.590344071388244629e-01
-1.193196233361959457e-02
-1.041349992156028748e-01
-5.839745402336120605e-01
3.580045402050018311e-01
1.055536866188049316e+00
-1.329345703125000000e-01
1.811166405677795410e+00
-2.209826707839965820e-01
3.706327378749847412e-01
-2.250204086303710938e-01
-4.216827452182769775e-01
-1.383409183472394943e-02
-1.079186704009771347e-02
5.313281416893005371e-01
-8.852538652718067169e-03
7.051506638526916504e-01
-1.638007164001464844e-02
-7.860894799232482910e-01
1.227342367172241211e+00
-6.427681539207696915e-03
3.020774126052856445e-01
6.340414285659790039e-01
-1.562565378844738007e-02
1.325097084045410156e+00
3.753497302532196045e-01
-1.976065151393413544e-02
-9.662267751991748810e-03
3.154187500476837158e-01
6.461173295974731445e-01
-5.969076417386531830e-03
3.000237643718719482e-01
-1.581024527549743652e+00
-6.670818664133548737e-03
-6.525914650410413742e-03
1.388747692108154297e+00
2.004841566085815430e+00
-3.136752545833587646e-02
-4.822743125259876251e-03
6.888545751571655273e-01
-5.060297623276710510e-02
-9.409553557634353638e-02
2.675590515136718750e-01
1.518304646015167236e-01
-7.755124941468238831e-03
-3.601997196674346924e-01
1.749409914016723633e+00
1.051609404385089874e-02
-1.106039527803659439e-02
-1.013933215290307999e-02
-1.535441167652606964e-02
7.560248970985412598e-01
-5.493665337562561035e-01
9.360725879669189453e-01
-1.008252978324890137e+00
2.712024152278900146e-01
-6.220785900950431824e-03
-6.466414332389831543e-01
-3.465711697936058044e-02
-3.188407123088836670e-01
-3.969483971595764160e-01
-1.964513957500457764e-02
-9.239258617162704468e-02
-6.971312686800956726e-03
3.532604575157165527e-01
9.150375127792358398e-01
1.394501924514770508e+00
-2.041925117373466492e-02
-3.373071849346160889e-01
-8.469732478260993958e-03
1.039428710937500000e+00
-8.820399641990661621e-03
-1.670837961137294769e-02
-3.253886848688125610e-02
-2.999738976359367371e-02
1.087110400199890137e+00
-3.276227712631225586e-01
-9.277638196945190430e-01
-7.656229138374328613e-01
-5.991308093070983887e-01
-5.855415463447570801e-01
6.687591075897216797e-01
-1.450379472225904465e-02
1.787582635879516602e-01
-1.829083263874053955e-02
2.607727944850921631e-01
-1.602325141429901123e-01
-1.620445370674133301e+00
-2.788878679275512695e-01
-4.136353358626365662e-02
-8.277379870414733887e-01
-1.569510065019130707e-02
-1.111865695565938950e-02
-1.920712925493717194e-02
-1.777191460132598877e-02
-6.242775823920965195e-03
-1.192468643188476562e+00
1.264271855354309082e+00
1.499230384826660156e+00
6.335023045539855957e-01
-8.431452326476573944e-03
-4.475959576666355133e-03
-7.844340987503528595e-03
-1.972692131996154785e+00
-1.603228971362113953e-02
-2.180941030383110046e-02
-5.209402441978454590e-01
-1.782576553523540497e-02
1.492540955543518066e+00
-5.308072566986083984e-01
-3.286239132285118103e-02
1.448970008641481400e-02
2.120291143655776978e-01
1.572217643260955811e-01
-4.117103293538093567e-02
-1.993829570710659027e-02
-5.522741936147212982e-03
-1.194601226598024368e-02
-7.873988151550292969e-01
-1.146277971565723419e-02
-1.115075498819351196e-02
-4.544571936130523682e-01
4.365009963512420654e-01
-2.820648811757564545e-02
1.244698882102966309e+00
3.059279918670654297e-01
-1.710934750735759735e-02
-1.640025340020656586e-02
-4.930931609123945236e-03
-4.236916899681091309e-01
-7.331925630569458008e-01
-1.188098732382059097e-02
-1.606642641127109528e-02
-7.124889176338911057e-03
7.677646279335021973e-01
-3.715888559818267822e-01
-4.578461125493049622e-02
-2.896910905838012695e-02
-6.467570066452026367e-01
3.113322257995605469e-01
3.483555316925048828e-01
-3.584882020950317383e-01
1.380861759185791016e+00
1.306871891021728516e+00
-1.227780431509017944e-02
-1.184841915965080261e-01
-2.166737802326679230e-02
-3.018101677298545837e-02
-7.501248735934495926e-03
1.396758556365966797e+00
-1.691755771636962891e+00
-6.934807635843753815e-03
-4.345716536045074463e-02
-8.969075977802276611e-03
-8.919859305024147034e-03
4.365831911563873291e-01
-4.905060231685638428e-01
1.653381347656250000e+00
-7.436040323227643967e-03
-6.314770784229040146e-03
1.303337514400482178e-02
-9.504980593919754028e-02
-2.837070822715759277e-02
-7.387992460280656815e-03
-2.213772535324096680e+00
-8.189224600791931152e-01
8.971059322357177734e-01
-2.038142085075378418e-01
-8.058710023760795593e-03
1.142512798309326172e+00
-4.924997687339782715e-03
-9.163877926766872406e-03
7.069079279899597168e-01
3.828654587268829346e-01
2.046082258224487305e+00
-1.465218886733055115e-02
1.463427782058715820e+00
-1.538396067917346954e-02
7.320781350135803223e-01
-9.197226762771606445e-01
3.382807075977325439e-01
-2.946409396827220917e-02
-2.622217535972595215e-01
-1.001272320747375488e+00
-4.364718794822692871e-01
-2.936756908893585205e-01
-3.513973653316497803e-01
1.081464052200317383e+00
1.281862854957580566e+00
6.889738887548446655e-02
-8.169923909008502960e-03
2.132201910018920898e+00
-2.800002396106719971e-01
-1.662179455161094666e-02
-1.159880310297012329e-02
3.580536842346191406e-01
-5.438603460788726807e-03
-6.302631497383117676e-01
-8.350276388227939606e-03
-3.103602118790149689e-02
3.371770083904266357e-01
-1.990668661892414093e-02
1.089312791824340820e+00
5.945695638656616211e-01
-1.997258961200714111e-01
-3.981819376349449158e-03
3.575945496559143066e-01
-1.270427461713552475e-02
1.025266408920288086e+00
5.011675357818603516e-01
9.423367381095886230e-01
-3.798759356141090393e-02
-9.324206970632076263e-03
2.894421815872192383e-01
-1.839190162718296051e-02
-1.022318936884403229e-02
-3.229116275906562805e-02
-2.925828658044338226e-02
-6.230785511434078217e-03
9.562847018241882324e-01
1.365544915199279785e+00
-2.075592614710330963e-02
1.395471692085266113e+00
8.905972242355346680e-01
-5.217263009399175644e-03
-1.925435960292816162e-01
1.088234663009643555e+00
-4.684490710496902466e-02
-1.915115863084793091e-02
9.081795811653137207e-01
-1.318686548620462418e-02
5.549028515815734863e-01
-4.476344585418701172e-02
5.141288042068481445e-01
-6.021917797625064850e-03
-8.965027332305908203e-01
-8.464643955230712891e-01
-5.615508928894996643e-02
6.780238151550292969e-01
-7.961251772940158844e-03
1.649440050125122070e+00
-1.201485376805067062e-02
9.078660011291503906e-01
-4.067542776465415955e-02
-1.124832499772310257e-02
-6.280079949647188187e-03
-3.672835826873779297e-01
3.775026798248291016e+00
2.539533749222755432e-02
-5.800070166587829590e-01
-1.551307644695043564e-02
-5.740064978599548340e-01
3.194239437580108643e-01
5.499663829803466797e+00
-1.113678455352783203e+00
-7.136592268943786621e-01
-1.218529045581817627e-02
3.969552516937255859e-01
3.467793166637420654e-01
-1.294052362442016602e+00
1.151270389556884766e+00
-1.127117499709129333e-02
-4.624918699264526367e-01
-1.378653291612863541e-02
-3.284266218543052673e-02
-1.560595445334911346e-02
2.552504241466522217e-01
1.375369145534932613e-03
8.049644231796264648e-01
-1.048051286488771439e-02
-7.052906602621078491e-02
-9.760874323546886444e-03
-4.666907712817192078e-02
-2.524625957012176514e-01
-2.820011973381042480e-02
-1.540915071964263916e-01
-1.464541792869567871e+00
-5.133120808750391006e-03
-1.014642000198364258e+00
-8.687883615493774414e-03
-2.721017897129058838e-01
-3.247888565063476562e+00
-1.217894315719604492e+00
-6.668976042419672012e-03
-7.207823395729064941e-01
5.114528536796569824e-01
1.092001125216484070e-01
-8.624128997325897217e-03
2.736366689205169678e-01
-4.618357419967651367e-01
6.927710175514221191e-01
-5.151801705360412598e-01
-1.221780776977539062e+00
-8.017495274543762207e-03
1.015600323677062988e+00
5.879632830619812012e-01
-5.544268488883972168e-01
-1.923928223550319672e-02
1.294564366340637207e+00
2.222291946411132812e+00
-2.620240449905395508e-01
3.642710745334625244e-01
1.144535616040229797e-01
-1.580512151122093201e-02
-2.080509904772043228e-03
1.818742835894227028e-03
8.845325708389282227e-01
9.497955441474914551e-01
1.061590202152729034e-02
-8.186610415577888489e-03
1.177939891815185547e+00
-1.785018853843212128e-02
1.408006787300109863e+00
4.946306645870208740e-01
3.772501945495605469e-01
2.251400798559188843e-01
-5.852312315255403519e-03
5.284739136695861816e-01
-6.331939250230789185e-03
3.792300820350646973e-01
-1.134396810084581375e-02
-7.029982209205627441e-01
1.347574710845947266e+00
-2.910989709198474884e-02
-1.229488383978605270e-02
-1.122666802257299423e-02
-7.546856999397277832e-03
-2.484918758273124695e-02
-4.345250129699707031e-02
-3.039889037609100342e-03
2.264946222305297852e+00
2.227173745632171631e-01
8.681208640336990356e-02
-2.022081427276134491e-02
-1.091318763792514801e-02
-4.193089902400970459e-02
-9.243763089179992676e-01
-3.094962239265441895e-02
2.554315328598022461e+00
-5.554850026965141296e-02
-1.198790788650512695e+00
6.971526741981506348e-01
7.089895606040954590e-01
1.377573490142822266e+00
2.119160652160644531e+00
-9.520442225039005280e-03
-3.690666751936078072e-03
-5.951512604951858521e-03
-2.532984502613544464e-02
1.203071355819702148e+00
-5.881303455680608749e-03
-1.134773135185241699e+00
3.876161575317382812e-02
-1.187223792076110840e+00
2.962985932826995850e-01
1.822117418050765991e-01
4.093050658702850342e-01
-2.045311033725738525e-01
-1.525885462760925293e-01
7.386921048164367676e-01
-5.893452558666467667e-03
1.131086349487304688e+00
3.685506582260131836e-01
-7.743627764284610748e-03
-6.441786289215087891e-01
-9.076260961592197418e-03
-2.685026265680789948e-02
-1.948025077581405640e-02
6.954178810119628906e+00
1.152781128883361816e+00
1.955092072486877441e+00
-7.943572476506233215e-03
-4.226688668131828308e-02
1.761710643768310547e-01
-1.457084435969591141e-02
-1.029036380350589752e-02
5.672947168350219727e-01
-6.376750767230987549e-03
1.436233520507812500e-01
3.985499441623687744e-01
-2.860683389008045197e-02
-5.912092048674821854e-03
-1.961425133049488068e-02
-2.728006243705749512e-01
-4.076640307903289795e-02
1.683967828750610352e+00
-6.475350260734558105e-01
-2.861582994461059570e+00
-4.773959219455718994e-01
-8.927294984459877014e-03
5.956503748893737793e-01
-2.918333932757377625e-02
2.103058338165283203e+00
1.979290246963500977e+00
-1.164591550827026367e+00
7.860961556434631348e-01
-6.624307949095964432e-03
-7.456792891025543213e-02
-9.220235981047153473e-03
5.123772025108337402e-01
-3.159439936280250549e-02
-8.437917828559875488e-01
-9.455675259232521057e-03
-7.073040585964918137e-03
-9.252292513847351074e-01
-7.561451755464076996e-03
-6.993681937456130981e-02
1.700604707002639771e-01
8.348580449819564819e-02
2.999572515487670898e+00
4.386238753795623779e-01
-1.334416773170232773e-02
-9.015635587275028229e-03
-5.315304733812808990e-03
3.480211496353149414e-01
-3.535849153995513916e-01
-1.767668873071670532e-01
8.744534254074096680e-01
-9.924483299255371094e-01
-3.412953913211822510e-01
-4.170173779129981995e-03
-3.162204846739768982e-02
-9.554836153984069824e-02
-1.345951203256845474e-02
-2.645309269428253174e-01
-1.165693812072277069e-02
-1.093940529972314835e-02
1.467830181121826172e+00
-3.330668434500694275e-02
-2.577083706855773926e-01
-1.321529224514961243e-02
-2.413723804056644440e-02
-2.680502645671367645e-02
-1.165518723428249359e-02
1.626464486122131348e+00
9.116261601448059082e-01
-3.351091220974922180e-02
-9.100978262722492218e-03
1.699365854263305664e+00
1.231282711029052734e+00
-7.380992174148559570e-03
8.131077885627746582e-02
-5.721925497055053711e-01
1.166503906250000000e+00
1.033112704753875732e-01
4.010191857814788818e-01
1.495450496673583984e+00
-2.518258690834045410e-01
-8.160324767231941223e-03
-1.995256356894969940e-02
-1.220197137445211411e-02
4.047947227954864502e-01
1.505127906799316406e+00
-1.819518357515335083e-01
2.976423129439353943e-04
1.296254396438598633e+00
-1.228529307991266251e-02
-8.488058112561702728e-03
-1.647685840725898743e-02
-1.468614581972360611e-02
-2.155424281954765320e-02
-1.390544790774583817e-02
-1.152038853615522385e-02
8.944245576858520508e-01
-5.769789218902587891e-01
1.135325431823730469e-01
1.115089297294616699e+00
-3.424844503402709961e+00
-1.056425929069519043e+00
-1.221632119268178940e-02
3.860746324062347412e-01
1.295870900154113770e+00
5.401375293731689453e-01
-1.152668613940477371e-02
-5.353825166821479797e-03
5.622236132621765137e-01
-1.825507283210754395e+00
-1.462607644498348236e-02
-3.292218148708343506e-01
-1.076261997222900391e+00
-6.335046142339706421e-03
1.063307523727416992e+00
8.488636016845703125e-01
-2.284341096878051758e+00
