-8.079013973474502563e-02
-3.053367137908935547e-01
1.975690603256225586e+00
-3.204430043697357178e-01
2.333109140396118164e+00
-7.034918069839477539e-01
4.975114390254020691e-02
1.140975952148437500e+00
-7.563558816909790039e-01
1.434603929519653320e+00
3.413129806518554688e+00
-9.293394535779953003e-02
3.177742719650268555e+00
-4.659515991806983948e-02
-9.215645194053649902e-01
-2.720882184803485870e-02
1.456961154937744141e+00
-5.637164711952209473e-01
-1.006163835525512695e+00
1.215590238571166992e+00
-3.961653634905815125e-02
-2.661340869963169098e-02
-5.731687322258949280e-02
-8.748601675033569336e-01
1.638195663690567017e-01
3.180543422698974609e+00
1.570434495806694031e-02
1.669405847787857056e-01
-2.324522286653518677e-02
-4.412831664085388184e-01
1.074210926890373230e-01
-1.089372634887695312e+00
-4.745520651340484619e-02
-5.249722599983215332e-01
-7.841503024101257324e-01
-1.689323306083679199e+00
-7.010535895824432373e-02
4.723511636257171631e-01
-4.342505931854248047e-01
2.025413036346435547e+00
-4.974372982978820801e-01
-2.481826022267341614e-02
1.361346337944269180e-02
-2.877154350280761719e-01
-1.465864181518554688e+00
-5.227618813514709473e-01
1.670668572187423706e-01
-2.780647873878479004e-01
-8.384113013744354248e-02
-1.130468249320983887e+00
-3.332206010818481445e-01
1.781015515327453613e+00
-1.696720160543918610e-02
1.016803860664367676e+00
-1.910253465175628662e-01
-7.889201492071151733e-02
-7.344784736633300781e-01
-1.459016799926757812e+00
8.942587971687316895e-01
6.836456656455993652e-01
6.653336286544799805e-01
4.605709016323089600e-01
-1.186233013868331909e-02
6.321520805358886719e-01
-5.562894046306610107e-02
-7.790664583444595337e-02
3.593503534793853760e-01
2.631731986999511719e+00
7.367969751358032227e-01
4.927061498165130615e-01
3.066069126129150391e+00
3.034541606903076172e-01
3.412174433469772339e-02
-1.209129929542541504e+00
-5.082741752266883850e-02
-2.830183133482933044e-02
-6.247933506965637207e-01
1.598121762275695801e+00
1.202483624219894409e-01
1.019864916801452637e+00
1.006957769393920898e+00
2.764309883117675781e+00
1.697868227958679199e+00
-1.299961563199758530e-02
1.066999316215515137e+00
-8.815848827362060547e-02
2.979786694049835205e-01
7.114243507385253906e-01
7.440007328987121582e-01
-5.811343714594841003e-02
3.840447068214416504e-01
-4.303425550460815430e-01
-1.312946796417236328e+00
-1.214987691491842270e-02
-3.021534159779548645e-02
-1.217040538787841797e+00
-2.240405976772308350e-02
-5.301649123430252075e-02
5.738192200660705566e-01
-3.518846035003662109e-01
1.238860011100769043e+00
-5.193446949124336243e-02
-1.304260641336441040e-01
5.182679891586303711e-01
-1.807071454823017120e-02
2.100636482238769531e+00
7.712801694869995117e-01
3.241660594940185547e-01
-7.469571232795715332e-01
1.130230426788330078e+01
1.059875860810279846e-01
3.951416254043579102e+00
-1.728855073451995850e-02
-3.767361119389533997e-02
-4.239239096641540527e-01
8.564925193786621094e+00
-2.956038236618041992e+00
7.469867467880249023e-01
-3.390952199697494507e-02
1.571691632270812988e+00
-6.792733669281005859e-01
-3.053861483931541443e-02
2.506384611129760742e+00
-4.385769069194793701e-01
1.073657155036926270e+00
-3.155382350087165833e-02
2.502569913864135742e+00
9.069854766130447388e-02
-1.205510258674621582e+00
-1.087862491607666016e+00
-9.786113500595092773e-01
-1.493396013975143433e-01
1.068794608116149902e+00
-4.485572129487991333e-02
-3.608048334717750549e-02
3.023610115051269531e-01
-2.706774771213531494e-01
1.518934126943349838e-02
-7.904258370399475098e-02
4.705006599426269531e+00
-6.854457378387451172e+00
-3.375165536999702454e-02
-5.583790540695190430e-01
-4.947812855243682861e-02
-1.492219120264053345e-01
-8.292352557182312012e-01
3.277319669723510742e-02
-3.016646020114421844e-02
-9.792329072952270508e-01
7.810278534889221191e-01
-1.093228101730346680e+00
-2.289627492427825928e-02
1.505919247865676880e-01
-2.178139239549636841e-02
9.567102193832397461e-01
-2.844079732894897461e-01
-8.405368924140930176e-01
-5.495132878422737122e-02
-3.737089335918426514e-01
-8.113980293273925781e-01
2.041235208511352539e+00
-3.200795501470565796e-02
-4.099601507186889648e-02
-3.402799740433692932e-02
-7.350363135337829590e-01
9.299225211143493652e-01
5.581789016723632812e-01
-2.269605360925197601e-02
2.769696474075317383e+00
5.205318927764892578e-01
-4.311510324478149414e-01
6.263008594512939453e+00
1.117030620574951172e+00
-5.434001982212066650e-02
-2.247058786451816559e-02
6.328781843185424805e-01
-8.308722376823425293e-01
-1.046760566532611847e-02
2.555424869060516357e-01
-7.050888985395431519e-02
-1.711618751287460327e-01
-7.871891856193542480e-01
1.083809256553649902e+00
1.042166829109191895e+00
-6.491946578025817871e-01
4.934496283531188965e-01
-1.710325628519058228e-01
-3.568793460726737976e-02
-3.159524202346801758e-01
3.011970281600952148e+00
-7.364910244941711426e-01
-3.239919617772102356e-02
-5.817195773124694824e-01
-2.911927178502082825e-02
-6.801373362541198730e-01
-1.482852455228567123e-02
-4.637897312641143799e-01
-2.042525261640548706e-02
-8.436689376831054688e-01
-1.012457132339477539e+00
-1.417044639587402344e+00
-7.725365161895751953e-01
-4.098097607493400574e-02
-9.782788157463073730e-01
8.208163976669311523e-01
-7.322800159454345703e-02
-2.985157370567321777e-01
-2.639579296112060547e+00
1.726936578750610352e+00
-1.149490475654602051e+00
-6.697146892547607422e-01
-3.440114259719848633e-01
1.018589496612548828e+00
2.335371732711791992e+00
8.695510774850845337e-02
3.677825927734375000e+00
-4.951417744159698486e-01
1.339668966829776764e-02
-4.550343155860900879e-01
-4.308930784463882446e-02
1.197626143693923950e-01
2.015381604433059692e-01
-5.961015224456787109e-01
1.511773228645324707e+00
-5.943274497985839844e-01
-6.145771980285644531e+00
-3.827779889106750488e-01
-5.353447794914245605e-01
4.228918254375457764e-01
-2.918732725083827972e-02
5.183337721973657608e-03
-1.553014397621154785e+00
-8.493016362190246582e-01
-1.534627676010131836e+00
-2.017967402935028076e-02
-4.406252130866050720e-02
-4.919997453689575195e-01
-1.445389389991760254e+00
-3.042589314281940460e-02
-1.450783967971801758e+00
-1.808179914951324463e-02
9.396127462387084961e-01
1.163285374641418457e+00
-1.021244168281555176e+00
-5.068140476942062378e-02
4.277699887752532959e-01
-4.675991460680961609e-02
-5.921646952629089355e-01
-1.396362543106079102e+00
5.854848623275756836e-01
-9.079550504684448242e-01
-3.385335579514503479e-02
-9.167692810297012329e-02
1.704158663749694824e+00
-1.751267194747924805e+00
1.091868400573730469e+00
