2.824103355407714844e+00
-7.723369598388671875e-01
1.378557085990905762e+00
-6.129431724548339844e-02
1.508134484291076660e+00
3.977574706077575684e-01
-6.081977486610412598e-02
-8.663619756698608398e-01
-7.719801902770996094e+00
1.250527143478393555e+00
-1.099450707435607910e+00
-8.967334628105163574e-01
-2.487332932651042938e-02
3.315113306045532227e+00
-8.900725841522216797e-02
-2.521920680999755859e+00
-7.070134580135345459e-02
9.293121099472045898e-02
5.899522900581359863e-01
-8.433556556701660156e-01
3.067051470279693604e-01
-6.515135616064071655e-02
-5.824573710560798645e-02
1.045780777931213379e+00
-7.876632809638977051e-01
8.961238861083984375e-01
5.871087551116943359e+00
-4.088092744350433350e-01
-9.109990596771240234e-01
-8.971304893493652344e-01
-8.917961716651916504e-01
2.228554725646972656e+00
-4.673048257827758789e-01
-8.127336502075195312e-01
-4.365437030792236328e-01
-1.547307491302490234e+00
-8.712894469499588013e-02
4.540223121643066406e+00
6.240326404571533203e+00
-1.408735156059265137e+00
-1.603115081787109375e+00
-9.191447496414184570e-02
6.001313686370849609e+00
6.748158454895019531e+00
-1.934795975685119629e+00
-1.793403506278991699e+00
-7.605779170989990234e+00
1.022135353088378906e+01
2.942239344120025635e-01
8.548986434936523438e+00
1.251727104187011719e+00
1.876878619194030762e+00
-1.970568299293518066e+00
7.049318313598632812e+00
-8.326970338821411133e-01
1.035190746188163757e-01
-6.368104368448257446e-02
3.667692899703979492e+00
-1.465885639190673828e+00
8.490002751350402832e-01
3.446253240108489990e-01
1.451037168502807617e+00
2.191368818283081055e+00
-4.689394533634185791e-01
9.055794715881347656e+00
3.039294481277465820e+00
-4.480116963386535645e-01
1.430348604917526245e-01
-4.146888107061386108e-02
-3.926757276058197021e-01
-7.519764304161071777e-01
-1.492243027314543724e-03
1.923882961273193359e+00
-3.711855039000511169e-02
-1.589349985122680664e+00
-2.036950588226318359e-01
-1.201237082481384277e+00
-4.509726539254188538e-02
6.026744842529296875e-01
-4.276075839996337891e+00
3.287735223770141602e+00
-4.908824563026428223e-01
3.049366772174835205e-01
-4.748794808983802795e-02
1.522044897079467773e+00
-6.087590456008911133e-01
1.432176232337951660e+00
-4.980295151472091675e-02
3.816787242889404297e+00
6.195539832115173340e-01
5.639285564422607422e+00
-2.871972620487213135e-01
-8.627761006355285645e-01
2.225391626358032227e+00
2.028779745101928711e+00
7.915642857551574707e-01
-7.834697365760803223e-01
-3.554023742675781250e+00
-6.577365398406982422e-01
-3.816739022731781006e-01
-5.385387339629232883e-06
1.588915538787841797e+01
-1.393857359886169434e+00
-8.649329841136932373e-02
-1.508827805519104004e-01
-5.787467956542968750e-01
-7.196738570928573608e-02
2.102724075317382812e+00
1.945655703544616699e+00
1.767883896827697754e-01
-7.574592232704162598e-01
-1.038556456565856934e+00
-5.495252609252929688e-01
-1.755007624626159668e+00
9.649612307548522949e-01
-3.076130747795104980e-01
1.125458776950836182e-01
3.319008111953735352e+00
-2.523534297943115234e+00
-7.595739960670471191e-01
4.851092994213104248e-01
-2.461074590682983398e+00
1.864748120307922363e+00
-3.415544331073760986e-01
2.349688559770584106e-01
1.717249006032943726e-01
6.485328674316406250e+00
-4.187408387660980225e-01
