-2.754516601562500000e+00
7.401929497718811035e-01
1.007537937164306641e+01
2.520689010620117188e+00
9.235546924173831940e-03
-3.930940151214599609e+00
-1.317727565765380859e+00
1.350603580474853516e+00
2.735515356063842773e+00
-3.214479088783264160e-01
8.366025924682617188e+00
6.390941619873046875e+00
-7.710289955139160156e-01
6.347240924835205078e+00
2.152390480041503906e+00
-1.125425547361373901e-01
-9.009701609611511230e-01
-3.506844639778137207e-01
-1.157187819480895996e-01
4.878171443939208984e+00
-4.028827846050262451e-01
-3.529856681823730469e+00
-1.411812186241149902e+00
4.776856899261474609e+00
-2.492262274026870728e-01
-8.143708109855651855e-02
1.436563253402709961e+00
3.413311481475830078e+00
5.684430599212646484e+00
4.860383510589599609e+00
-1.239711642265319824e-01
4.775368690490722656e+00
-4.008266925811767578e-01
-7.128378152847290039e-01
-1.350132083892822266e+01
-6.011458039283752441e-01
5.925492763519287109e+00
1.023266410827636719e+01
-3.411627769470214844e+00
1.023620414733886719e+01
5.211523771286010742e-01
2.719597578048706055e+00
8.618715405464172363e-01
2.370843172073364258e+00
-1.542705297470092773e+00
3.348461151123046875e+00
1.220503425598144531e+01
1.836789369583129883e+00
-7.588642090559005737e-02
-2.598727941513061523e-01
-4.436549842357635498e-01
7.196151018142700195e-01
-1.783166527748107910e+00
2.282399415969848633e+00
5.674558132886886597e-02
3.880825519561767578e+00
-5.773535370826721191e-01
7.190100193023681641e+00
3.449207305908203125e+00
-1.697801399230957031e+01
-1.219918251037597656e+00
-2.684631347656250000e-01
-7.429197430610656738e-01
-9.243716001510620117e-01
