-2.251325994729995728e-01
-5.660965442657470703e-01
9.775119423866271973e-01
1.605166912078857422e+00
-8.620917797088623047e-02
-4.222331047058105469e-01
3.364930391311645508e+00
6.042180538177490234e+00
9.677131652832031250e+00
-7.142179489135742188e+00
3.293529748916625977e+00
-1.991618347167968750e+01
-8.562847137451171875e+00
-2.920499742031097412e-01
5.950526237487792969e+00
-3.677850961685180664e-01
-2.847817540168762207e-01
-2.448271363973617554e-01
-9.469680488109588623e-02
-1.791207790374755859e-01
1.534810066223144531e+00
9.068086624145507812e+00
-6.295106887817382812e+00
5.088590145111083984e+00
3.125271558761596680e+00
-1.797796934843063354e-01
-4.076355397701263428e-01
1.966014146804809570e+00
-4.243072569370269775e-01
-1.674101638793945312e+01
2.931950807571411133e+00
1.347500991821289062e+01
