-1.044333462987430602e-17
2.952729824212689888e-16
-5.967537674708223976e-16
1.254493447799142736e-17
-2.202334378683177323e-14
2.302634937861794099e-16
-7.947711753823021898e-16
-1.831991531191490123e-15
1.834193720434047099e-15
-2.724991842722623839e-15
-2.280498086128293780e-15
-1.697236589682383071e-14
-2.349670538701841737e-14
7.674065491206309235e-15
-2.026445200557103185e-16
7.229431627955437521e-15
7.973864996377367955e-16
-2.015136078639372000e-14
-8.425669446460447780e-15
2.724923585633539968e-15
1.034248657699166669e-14
8.987791722416998560e-15
-1.125451624646378633e-16
-1.532522534030732758e-15
-3.905857446270210019e-15
2.995782085032921885e-15
7.428095681974030477e-16
1.018617065803222778e-14
8.029993878474773177e-15
-7.417174547720566450e-15
-3.355137696669085102e-14
1.482141617329887436e-15
1.798768291199375593e-15
1.779482430302568697e-14
-2.247019780171706636e-15
-2.133921555661568543e-14
-2.123717300467407400e-14
-1.504213804452676616e-14
3.435214039599906438e-15
5.669218270626778157e-16
8.146533876890019576e-15
2.282632018281766490e-15
8.089686499118045179e-16
-3.466023134125466327e-16
1.242911297525075008e-15
-3.377418247537499572e-15
5.016536799847430896e-17
-1.125882722051120524e-17
-4.591187360502016611e-18
-8.396627851294330552e-16
4.723246865487974324e-16
-4.433477559933911458e-16
-6.477202581464421806e-16
-8.182587989839940440e-17
-1.405233840323919360e-16
5.592123684745422326e-16
1.856621562915748529e-15
-9.411718540326764024e-16
-3.824696174870788040e-16
1.598796575053065531e-16
-7.176334797604718054e-16
-8.684313519392140132e-16
1.031802898422930571e-15
-1.987330296033514516e-15
1.565954137768472814e-15
1.648890093484082720e-15
-2.119375431105981186e-15
-1.020138121146287362e-16
-1.114789148835760492e-15
-1.490677345943778476e-15
1.117950529803868329e-15
1.381207344966299960e-15
-1.629240673775943447e-14
