3.822718188166618347e-02 2.816513646394014359e-03 -2.153358310461044312e-01 1.930888555943965912e-02 1.598717123270034790e-01 -7.970644533634185791e-02 -5.654684454202651978e-02 -7.500624284148216248e-03 -1.047753691673278809e-01 1.761496365070343018e-01 1.631648987531661987e-01 -4.101556837558746338e-01 4.148002341389656067e-02 2.265964597463607788e-01 2.642709910869598389e-01 1.863549202680587769e-01
2.397192642092704773e-03 -1.644273251295089722e-01 -2.068837732076644897e-02 2.188315987586975098e-01 -2.354049831628799438e-01 1.281005889177322388e-01 -5.133972037583589554e-03 3.396316617727279663e-02 -9.922169893980026245e-02 -1.146314665675163269e-01 -1.378570348024368286e-01 6.419833749532699585e-02 -5.031466484069824219e-02 -2.057985067367553711e-01 -2.591989934444427490e-03 -1.052855968475341797e+00
2.040339559316635132e-01 2.244316786527633667e-02 -9.428339451551437378e-02 -1.777344048023223877e-01 6.410175561904907227e-02 -1.472619827836751938e-02 -2.286793142557144165e-01 1.422332972288131714e-01 1.391085535287857056e-01 4.107007384300231934e-02 -4.434415698051452637e-02 3.955283388495445251e-02 -7.191764563322067261e-02 1.486781239509582520e-02 2.005749568343162537e-02 4.195729643106460571e-02
1.246225684881210327e-01 1.153578236699104309e-01 5.092381499707698822e-03 1.333671957254409790e-01 1.683012247085571289e-01 -2.196419984102249146e-01 -4.044649377465248108e-02 1.717440970242023468e-02 -3.184601664543151855e-01 1.718260347843170166e-01 -2.143409103155136108e-01 -3.350114822387695312e-02 -6.251639127731323242e-02 -2.092278748750686646e-01 -2.426310069859027863e-02 1.405188292264938354e-01
-1.938099265098571777e-01 3.311586007475852966e-02 1.772130131721496582e-01 4.632814526557922363e-01 1.983460970222949982e-02 -1.538001596927642822e-01 1.507044862955808640e-02 1.672976911067962646e-01 -5.590158328413963318e-02 -1.190021112561225891e-01 -8.175939321517944336e-02 -7.603929638862609863e-01 4.963530972599983215e-02 1.184278801083564758e-01 -5.930047035217285156e-01 2.169571071863174438e-01
-3.386585712432861328e-01 -4.310633614659309387e-02 -2.192597538232803345e-01 8.955311775207519531e-02 -6.137158721685409546e-02 -1.370608955621719360e-01 3.210716322064399719e-02 9.084291756153106689e-02 3.667606711387634277e-01 -1.186733841896057129e-01 5.699726566672325134e-02 -8.063962310552597046e-02 -1.448347978293895721e-02 -2.329258918762207031e-01 -2.349691465497016907e-02 -1.016856431961059570e-01
3.779512271285057068e-02 -2.392374910414218903e-02 1.977578067453578115e-04 4.915307508781552315e-04 1.838966831564903259e-02 -3.033516705036163330e-01 -8.482310920953750610e-03 1.111478079110383987e-03 -4.886464178562164307e-01 -4.989117681980133057e-01 3.587834164500236511e-02 1.959445327520370483e-02 9.832796640694141388e-04 -2.662179470062255859e-01 6.588460877537727356e-03 -4.270348697900772095e-02
-4.285981878638267517e-03 7.106009870767593384e-04 -2.820647507905960083e-02 -3.030418045818805695e-02 1.196242123842239380e-02 -4.005465805530548096e-01 8.757365867495536804e-03 1.014863327145576477e-01 -3.712303340435028076e-01 -3.436665832996368408e-01 7.404942065477371216e-03 1.087255030870437622e-02 -6.810095161199569702e-03 -4.415737688541412354e-01 6.168287247419357300e-03 -1.064328670501708984e+00
-2.151837386190891266e-02 3.832050561904907227e-01 -8.575025945901870728e-02 -3.795115351676940918e-01 2.068758606910705566e-01 -1.741106808185577393e-01 -3.028691411018371582e-01 -9.161976724863052368e-02 -1.342388838529586792e-01 -4.409601390361785889e-01 -4.417186602950096130e-02 2.614931464195251465e-01 -1.134876385331153870e-01 -9.559616446495056152e-02 -7.575415819883346558e-02 -2.606979608535766602e-01
-1.761499643325805664e-01 5.802613217383623123e-03 -6.513180583715438843e-02 -1.976196281611919403e-02 -2.482616305351257324e-01 -3.413960710167884827e-02 7.206078153103590012e-03 -4.237569123506546021e-02 6.422748416662216187e-02 1.101160719990730286e-01 -2.072953283786773682e-01 -8.433630317449569702e-02 -4.721503332257270813e-02 -2.944725332781672478e-03 -2.556933462619781494e-01 -2.471923828125000000e-02
-1.922414265573024750e-02 -3.170377749484032393e-04 -1.209046575240790844e-03 8.321848697960376740e-03 1.904062554240226746e-02 -9.443774074316024780e-02 -3.275559097528457642e-02 -4.758850205689668655e-03 -1.729847043752670288e-01 -3.109552860260009766e-01 -3.333930671215057373e-02 -4.405187070369720459e-02 -2.709947340190410614e-02 -3.658351302146911621e-02 -8.135361969470977783e-02 -3.774747550487518311e-01
-1.518749538809061050e-02 4.162041004747152328e-03 -1.907670497894287109e-02 9.302034974098205566e-03 1.343449484556913376e-02 -6.429570913314819336e-02 -1.385767385363578796e-02 -8.351770788431167603e-02 -1.526971161365509033e-01 -3.155247271060943604e-01 -5.300916731357574463e-03 -1.189297251403331757e-02 -9.624788537621498108e-03 5.852602049708366394e-02 1.682189176790416241e-03 -1.850086003541946411e-01
-4.024025425314903259e-02 -2.842278045136481524e-04 -1.987471431493759155e-02 -5.953961517661809921e-03 -5.660521239042282104e-02 -2.808126211166381836e-01 -3.228149563074111938e-02 -1.733135618269443512e-02 -4.352049529552459717e-01 -1.560204327106475830e-01 -6.441110745072364807e-03 1.325947884470224380e-02 -6.896103266626596451e-03 -4.532955586910247803e-02 -2.463843487203121185e-02 -9.771445989608764648e-01
3.367212414741516113e-02 9.975884109735488892e-02 1.127330064773559570e-01 1.051014959812164307e-01 6.423090398311614990e-02 -1.667308658361434937e-01 2.594900727272033691e-01 -2.314052432775497437e-01 1.469950526952743530e-01 6.341031938791275024e-02 9.676852822303771973e-02 1.356387287378311157e-01 -1.086305379867553711e-01 1.445481777191162109e-01 -1.206742376089096069e-01 -4.831705242395401001e-02
-5.346902646124362946e-03 -2.025349996984004974e-03 9.021206200122833252e-02 -4.046092554926872253e-02 1.336131524294614792e-02 -1.252903789281845093e-01 -2.679416909813880920e-02 -2.125311270356178284e-02 -2.229141592979431152e-01 -2.185077816247940063e-01 4.679180681705474854e-03 5.090441089123487473e-03 -1.123769860714673996e-02 -4.091222286224365234e-01 5.550438072532415390e-03 -2.210133671760559082e-01
1.507888883352279663e-01 -3.368228301405906677e-02 -3.889122046530246735e-03 4.423755162861198187e-04 1.032211333513259888e-01 -3.034948743879795074e-02 4.052048921585083008e-01 -3.323886170983314514e-02 -1.315785050392150879e-01 -1.164882406592369080e-01 -3.825004771351814270e-02 -1.514168977737426758e-01 5.944624170660972595e-02 1.154375970363616943e-01 4.363803192973136902e-02 1.522027552127838135e-01
-2.331165038049221039e-02 -2.546141445636749268e-01 -1.173785477876663208e-01 -1.908481717109680176e-01 -2.297718776389956474e-03 -2.065302431583404541e-01 -9.183559566736221313e-02 2.834378974512219429e-03 -2.424224764108657837e-01 -3.076721727848052979e-01 -2.529446184635162354e-01 -2.594859004020690918e-01 7.124440744519233704e-03 -3.028646707534790039e-01 1.538013815879821777e-01 3.506291890516877174e-03
-3.134037256240844727e-01 -6.233237311244010925e-02 2.249694615602493286e-02 -1.435870677232742310e-01 1.100392192602157593e-01 8.026003837585449219e-02 1.168473288416862488e-01 2.469664663076400757e-01 -2.765075676143169403e-02 2.161993831396102905e-01 -3.458944559097290039e-01 -8.982074260711669922e-02 -1.003127023577690125e-01 6.155376881361007690e-02 -1.909768953919410706e-02 -6.169093772768974304e-02
2.982305921614170074e-02 -9.310584515333175659e-02 2.433554381132125854e-01 2.492713332176208496e-01 -4.220828041434288025e-02 5.450358614325523376e-02 -4.597068578004837036e-02 1.160976514220237732e-01 -3.971224278211593628e-02 1.528600901365280151e-01 -8.009538799524307251e-02 -9.077706933021545410e-02 -6.565733253955841064e-02 2.803107798099517822e-01 1.825929880142211914e-01 -7.119665294885635376e-02
-9.334108978509902954e-02 8.018620312213897705e-02 -1.608847826719284058e-01 2.224105298519134521e-01 2.657970786094665527e-02 2.313831076025962830e-02 3.033208847045898438e-01 -1.663781106472015381e-01 3.645483404397964478e-02 5.810187011957168579e-02 3.809894435107707977e-03 1.267810016870498657e-01 -1.019766256213188171e-01 4.109935835003852844e-02 9.799699299037456512e-03 2.112796008586883545e-01
-8.328197896480560303e-02 -8.075948059558868408e-02 -4.789004847407341003e-02 8.498761802911758423e-02 -6.679338216781616211e-01 1.114093326032161713e-02 6.742112338542938232e-03 3.891982138156890869e-02 1.169168725609779358e-01 -4.979173466563224792e-02 1.474459916353225708e-01 3.382343947887420654e-01 -2.837949097156524658e-01 7.308078557252883911e-02 -4.049567505717277527e-03 -1.233221814036369324e-01
1.343977754004299641e-03 -5.100777372717857361e-03 1.220745313912630081e-02 7.801882177591323853e-02 8.275678264908492565e-04 -1.875791996717453003e-01 -1.880180276930332184e-02 5.652502179145812988e-03 -2.797083556652069092e-01 -3.943475186824798584e-01 2.389950677752494812e-03 -8.463752456009387970e-04 2.708645770326256752e-04 -3.472795486450195312e-01 6.561967544257640839e-03 2.569087408483028412e-02
2.876304388046264648e-01 -2.099142596125602722e-02 8.945923298597335815e-02 -1.213913932442665100e-01 1.258287578821182251e-02 1.126834750175476074e-01 -6.139630824327468872e-02 6.288990378379821777e-02 -1.189060583710670471e-01 -1.487008631229400635e-01 -1.938323378562927246e-01 -1.295418739318847656e-01 8.363997191190719604e-02 -2.807800471782684326e-01 -1.060466840863227844e-02 -4.800238907337188721e-01
2.670066617429256439e-02 -4.012216255068778992e-02 1.981495413929224014e-03 1.616756431758403778e-03 -7.559560239315032959e-03 -1.549738794565200806e-01 2.950380323454737663e-03 -3.579446638468652964e-04 -9.722695499658584595e-02 -1.234180852770805359e-01 -2.811917476356029510e-02 -6.314074154943227768e-03 -1.837836392223834991e-02 1.221105977892875671e-01 -9.525448083877563477e-03 1.275743842124938965e-01
1.386941522359848022e-01 -4.700536653399467468e-02 3.520501311868429184e-03 -2.076729899272322655e-03 2.030475065112113953e-02 -1.070947796106338501e-01 -2.166651654988527298e-03 1.903990050777792931e-03 3.909144084900617599e-03 -1.451268196105957031e-01 -6.992853432893753052e-02 -5.989855900406837463e-02 4.148043692111968994e-02 8.991948515176773071e-02 -3.090749029070138931e-03 -3.400593698024749756e-01
-2.678054571151733398e-01 1.431404501199722290e-01 1.106995623558759689e-02 -3.399733901023864746e-01 -1.678812801837921143e-01 -6.385926157236099243e-02 -1.409812569618225098e-01 -6.595872342586517334e-02 -1.312625408172607422e-01 -2.550702542066574097e-02 2.584922313690185547e-01 -6.603465229272842407e-02 -1.515354514122009277e-01 1.949593275785446167e-01 2.844651043415069580e-01 2.190492302179336548e-02
-1.136132925748825073e-01 -3.066368103027343750e-01 -2.300755828619003296e-01 6.692360341548919678e-02 -7.991031557321548462e-02 1.039632596075534821e-02 1.746785342693328857e-01 -8.062396198511123657e-02 1.579122692346572876e-01 2.012904286384582520e-01 1.100287958979606628e-01 -5.985879525542259216e-02 1.781909167766571045e-02 -5.714875459671020508e-02 -1.552464216947555542e-01 1.705184727907180786e-01
4.961708560585975647e-03 -3.067260049283504486e-02 -5.407927557826042175e-03 -1.860600523650646210e-02 -3.465655073523521423e-02 -1.453591734170913696e-01 -3.984491527080535889e-02 -1.155895646661520004e-03 -4.198187291622161865e-01 -3.264106512069702148e-01 1.620314829051494598e-02 5.515246465802192688e-02 -2.836681529879570007e-02 -2.929184436798095703e-01 -2.495213411748409271e-02 -2.433005422353744507e-01
1.580154895782470703e-01 -1.604812890291213989e-01 8.861269056797027588e-02 -4.320860281586647034e-02 2.069063335657119751e-01 -9.086779505014419556e-02 4.762200172990560532e-03 1.070870272815227509e-02 -1.637982875108718872e-01 2.566127181053161621e-01 -4.371400177478790283e-02 -1.418712735176086426e-01 4.217495396733283997e-02 -2.414544671773910522e-01 5.427969992160797119e-02 -1.092667225748300552e-02
-2.399932406842708588e-02 5.930816289037466049e-03 3.875769616570323706e-04 7.098712772130966187e-02 -3.193012997508049011e-02 -1.070458889007568359e-01 1.465497072786092758e-03 6.780267693102359772e-03 -1.329863220453262329e-01 -1.544652879238128662e-01 3.721272572875022888e-03 -6.375540047883987427e-03 1.167036406695842743e-02 -4.275744855403900146e-01 -5.081286653876304626e-03 -2.844976782798767090e-01
-1.213439460843801498e-02 -2.883503586053848267e-02 6.928360555320978165e-03 8.938111364841461182e-03 3.544478490948677063e-02 -4.016951322555541992e-01 -1.931635849177837372e-02 -2.121259458363056183e-03 -8.952259272336959839e-02 -4.789299964904785156e-01 4.758141562342643738e-02 9.917741268873214722e-02 1.062538940459489822e-02 -5.450714230537414551e-01 2.966733649373054504e-02 -1.583569645881652832e-01
-1.309871822595596313e-01 2.971423557028174400e-03 -5.004359991289675236e-05 7.272882759571075439e-02 -4.439450800418853760e-01 -3.758949926123023033e-03 -4.920148551464080811e-01 1.573518291115760803e-02 1.658549346029758453e-02 -1.043940559029579163e-01 -1.036012992262840271e-01 4.962962120771408081e-03 -9.959081560373306274e-02 -2.618283219635486603e-02 -1.649861335754394531e-01 -5.124124512076377869e-02
