7.501360494643449783e-03 -2.998628281056880951e-02 2.201663255691528320e-01 1.337808221578598022e-01 -5.947906523942947388e-02 -2.984477207064628601e-02 -1.826969981193542480e-01 -5.897828191518783569e-02
4.587128013372421265e-02 -6.055513024330139160e-02 3.547725453972816467e-02 2.701845206320285797e-02 4.635966196656227112e-02 -1.723904162645339966e-02 -1.361637711524963379e-01 -3.413068354129791260e-01
7.099889917299151421e-04 1.287570595741271973e-02 5.695732310414314270e-02 -4.030155017971992493e-02 6.332485936582088470e-03 -1.138661354780197144e-01 -4.051065444946289062e-02 -4.031107202172279358e-02
-3.543189465999603271e-01 2.233178121969103813e-03 9.011695161461830139e-03 5.162639077752828598e-03 2.371570328250527382e-03 -4.099300205707550049e-01 -2.611398696899414062e-02 -2.985016442835330963e-02
6.446528248488903046e-03 -7.337806373834609985e-02 -1.318139433860778809e-01 -8.083986490964889526e-02 -5.840682890266180038e-03 -1.438953634351491928e-02 -5.975713133811950684e-01 -6.842377781867980957e-02
1.666942052543163300e-02 2.495878934860229492e-01 1.962591558694839478e-01 2.019962817430496216e-01 1.451029926538467407e-01 2.131247818470001221e-01 -7.346922159194946289e-02 -3.349565267562866211e-01
1.156099722720682621e-03 1.518050767481327057e-02 2.501003630459308624e-02 -9.495002031326293945e-02 1.169587631011381745e-04 5.543981865048408508e-02 -1.546944826841354370e-01 2.344956062734127045e-02
-8.211025269702076912e-04 2.923542400822043419e-03 -2.187009714543819427e-02 5.163669213652610779e-02 2.114021684974431992e-03 -4.200138449668884277e-01 -5.330815911293029785e-01 -2.072085626423358917e-02
-1.548741161823272705e-01 -4.831314086914062500e-02 -7.120398432016372681e-02 -6.077606976032257080e-02 -1.673731505870819092e-01 -5.313244182616472244e-03 1.341416686773300171e-01 1.366942673921585083e-01
-2.441965229809284210e-02 -1.138990968465805054e-01 -1.140544041991233826e-01 -1.182981133460998535e-01 9.235104173421859741e-02 -3.500138819217681885e-01 7.461153715848922729e-02 -4.424217641353607178e-01
-3.862665221095085144e-02 -2.941412925720214844e-01 9.209073148667812347e-03 1.281847618520259857e-02 6.800214946269989014e-02 2.453246526420116425e-02 -6.675671786069869995e-02 2.637414336204528809e-01
1.328260917216539383e-02 1.301095038652420044e-01 1.936006359755992889e-02 4.919836297631263733e-03 -6.659690290689468384e-02 -2.396077215671539307e-01 -7.419405877590179443e-02 -1.621281653642654419e-01
-1.968499273061752319e-02 6.782079488039016724e-02 -4.691820442676544189e-01 -2.859640717506408691e-01 -2.415287345647811890e-01 -1.071005091071128845e-01 6.163142621517181396e-02 1.573885530233383179e-01
-1.467075049877166748e-01 2.359695136547088623e-01 -5.617165938019752502e-03 8.526985347270965576e-02 1.699479818344116211e-01 -1.377404481172561646e-01 -2.436077408492565155e-02 5.174337327480316162e-02
-6.205392070114612579e-03 9.752237796783447266e-02 2.836077241227030754e-03 -2.778443973511457443e-03 -5.191887542605400085e-02 -2.492499910295009613e-02 -3.188053071498870850e-01 3.107088506221771240e-01
-4.869298338890075684e-01 -1.757842451333999634e-01 -3.766299784183502197e-01 -2.298372983932495117e-01 -2.088909149169921875e-01 2.148920893669128418e-01 7.463353872299194336e-02 3.712357282638549805e-01
